seq,t_ms,pid_tick,base_speed,speed_plan,speed_out,steer_out,err,lookahead,trend,yaw10,ra_yaw10,ra_hard_target10,ra_outer_cmd,yaw_rate_dps,duty_left,duty_right,left_speed,right_speed,ra_timer,ra_hard_cnt,tf_us,inter_us,battery_x10,valid_rows,ra_flag,ra_pre,ra_phase,ra_dir,ra_ip_row,ra_slow_row,ra_turn_row,ra_exit_reason,route_step,route_flag,route_action,post_edge_side,speed_reason,line_lost,inter_type,sym_component,ip_max_row,box_top,box_bottom,box_left,box_right,pre_detail,turn_mark,hard_enter_ip,hard_enter_tick,pre_seen_frames
0,48,6,2552,2552,2929,-254,4,4,0,21,0,0,0,39,2675,3184,0,-1,0,0,3685,1047,121,51,0,0,0,0,0,0,0,0,0,0,0,0,6,0,0,0,0,0,0,0,0,0,0,0,0,0
1,96,12,2552,2552,2812,-317,-2,-2,0,55,0,0,0,49,2494,3129,263,206,0,0,4263,998,121,49,0,0,0,0,0,0,0,0,0,0,0,0,6,0,0,0,0,0,0,0,0,0,0,0,0,0
2,144,18,2552,2552,2641,167,-4,-4,0,46,0,0,0,-27,2809,2474,570,581,0,0,4274,1058,120,52,0,0,0,0,0,0,0,0,0,0,0,0,6,0,0,0,0,0,0,0,0,0,0,0,0,0
3,192,24,2552,2552,2512,-551,-4,-4,0,52,0,0,0,66,1961,3064,823,844,0,0,3653,1019,120,50,0,0,0,0,0,0,0,0,0,0,0,0,6,0,0,0,0,0,0,0,0,0,0,0,0,0
4,240,30,2552,2552,2434,-132,-8,-6,2,40,0,0,0,-22,2301,2567,989,990,0,0,6982,1088,120,46,0,0,0,0,0,0,0,0,0,0,0,0,6,0,0,0,0,0,0,0,0,0,0,0,0,0
5,288,36,2552,2552,2376,-581,-10,-8,2,42,0,0,0,17,1794,2958,1091,1122,0,0,3637,1019,120,50,0,0,0,0,0,0,0,0,0,0,0,0,6,0,0,0,0,0,0,0,0,0,0,0,0,0
6,336,42,2552,2552,2324,-42,-12,-8,4,8,0,0,0,-70,2282,2367,1184,1235,0,0,3780,1167,120,50,0,0,0,0,0,0,0,0,0,0,0,0,6,0,0,0,0,0,0,0,0,0,0,0,0,0
7,384,48,2552,2552,2292,-262,-10,-6,4,0,0,0,0,-31,2030,2555,1248,1299,0,0,3775,1148,120,49,0,0,0,0,0,0,0,0,0,0,0,0,6,0,0,0,0,0,0,0,0,0,0,0,0,0
8,432,54,2552,2552,2272,-114,-6,-2,4,-26,0,0,0,-37,2157,2387,1283,1345,0,0,3931,1000,120,49,0,0,0,0,0,0,0,0,0,0,0,0,6,0,0,0,0,0,0,0,0,0,0,0,0,0
9,480,60,2552,2552,2264,-11,-4,0,4,-39,0,0,0,-35,2252,2275,1309,1352,0,0,7193,1069,120,45,0,0,0,0,0,0,0,0,0,0,0,0,6,0,0,0,0,0,0,0,0,0,0,0,0,0
10,512,64,1018,1650,0,0,0,4,4,-49,0,0,0,-22,0,0,1322,1372,0,0,3781,902,120,44,1,0,3,1,56,38,0,0,0,0,0,0,1,0,0,0,0,0,0,0,0,0,1,56,64,0
11,520,65,1018,1650,1117,-792,0,4,4,-49,0,900,1909,-11,324,1909,1324,1365,1,1,3781,902,120,44,1,0,3,1,56,38,0,0,0,0,0,0,1,0,0,0,0,0,0,0,0,0,4,56,64,0
12,528,66,1018,1650,1117,-792,0,4,4,-45,0,900,1909,16,324,1909,1328,1358,2,2,3781,902,120,44,1,0,3,1,56,38,0,0,0,0,0,0,1,0,0,0,0,0,0,0,0,0,0,56,64,0
13,536,67,1018,1650,1117,-797,0,6,6,-52,2,900,1914,-35,320,1914,1328,1358,3,3,8529,858,120,41,1,0,3,1,56,38,0,0,0,0,0,0,1,0,0,0,0,0,0,0,0,0,0,56,64,0
14,544,68,1018,1650,1117,-797,0,6,6,-58,9,900,1914,-68,320,1914,1351,1361,4,4,8529,858,120,41,1,0,3,1,56,38,0,0,0,0,0,0,1,0,0,0,0,0,0,0,0,64,0,56,64,0
15,552,69,1018,1650,1117,-797,0,6,6,-74,25,900,1914,-126,320,1914,1322,1353,5,5,8529,858,120,41,1,0,3,1,56,38,0,0,0,0,0,0,1,0,0,0,0,0,0,0,0,0,0,56,64,0
16,560,70,1018,1650,1117,-797,4,8,4,-84,35,900,1914,-152,320,1914,1258,1321,6,6,8635,818,120,39,1,0,3,1,56,38,0,0,0,0,0,0,1,0,0,0,0,0,0,0,0,0,2,56,64,0
17,568,71,1018,1650,1117,-797,4,8,4,-107,57,900,1914,-195,320,1914,1258,1321,7,7,8635,818,120,39,1,0,3,1,56,38,0,0,0,0,0,0,1,0,0,0,0,0,0,0,0,0,0,56,64,0
18,576,72,1018,1650,1117,-797,10,14,4,-131,81,900,1914,-220,320,1914,1214,1304,8,8,8230,759,120,36,1,1,3,1,56,38,0,0,0,0,0,0,1,0,0,0,0,0,0,0,0,2,0,56,64,0
19,584,73,1018,1650,1117,-797,10,14,4,-144,94,900,1914,-236,320,1914,1166,1292,9,9,8230,759,120,36,1,1,3,1,56,38,0,0,0,0,0,0,1,0,0,0,0,0,0,0,0,2,0,56,64,0
20,592,74,1018,1650,1117,-797,10,14,4,-170,120,900,1914,-247,320,1914,1117,1298,10,10,8230,759,120,36,1,1,3,1,56,38,0,0,0,0,0,0,1,0,0,0,0,14,255,228,255,214,1,194,65036,3
33799,264176,33022,-19967,16391,-32766,-10492,17920,6144,6176,-19709,-25088,30763,257,769,14374,0,0,0,256,0,0,0,7,0,64,0,56,0,0,35,0,89,3,250,6,114,4,89,252,231,0,14,255,228,255,214,1,229,65001,3
33799,235504,29438,-22783,16391,29186,-10492,17920,6400,6432,-19709,-25088,30763,257,769,14374,0,0,0,256,0,0,0,7,0,64,0,56,0,170,85,161,1,40,0,36,0,90,3,250,6,114,4,84,252,236,0,230,255,3327,218
64983,4024,503,900,1897,-349,320,1897,727,1094,26,26,10023,989,120,12033,259,312,9728,0,0,1,0,0,0,0,0,0,7,0,64,0,56,0,0,37,0,91,3,250,6,114,4,70,252,250,0,230,255,3327,218
40,752,94,1018,1650,1065,-745,8,-22,-30,-686,636,900,1810,-379,320,1810,664,1033,30,30,8506,4781,120,49,1,0,3,1,56,38,0,0,0,0,0,0,1,0,0,0,0,0,0,0,0,0,0,56,64,0
41,760,95,1018,1650,1037,-717,8,-16,-24,-707,658,900,1755,-395,320,1755,664,1033,31,31,8690,4642,120,49,1,0,3,1,56,38,0,0,0,0,0,0,1,0,0,1,0,0,0,0,0,0,0,56,64,0
42,768,96,1018,1650,1043,-723,8,-16,-24,-746,696,900,1766,-391,320,1766,635,1032,32,32,8690,4642,120,49,1,0,3,1,56,38,0,0,0,0,0,0,1,0,0,0,0,0,0,0,0,0,0,56,64,0
43,776,97,1018,1650,1042,-712,10,-8,-18,-785,735,900,1755,-390,330,1755,616,1019,33,33,8538,2623,120,49,1,0,3,1,56,38,0,0,0,0,0,0,1,0,0,0,0,0,0,0,0,0,0,56,64,0
44,784,98,1018,1650,1038,-707,10,-8,-18,-805,755,900,1745,-393,330,1745,598,1008,34,34,8538,2623,120,49,1,0,3,1,56,38,0,0,0,0,0,0,1,0,0,0,0,0,0,0,0,0,0,56,64,0
45,792,99,1018,1650,1400,1114,10,-8,-18,-841,791,900,1745,-373,2514,285,598,1008,35,35,8538,2623,120,49,0,0,4,1,56,38,0,1,0,0,0,0,1,0,0,0,0,0,0,0,0,0,0,56,64,0
46,800,100,1018,1650,1400,1106,16,2,-14,-859,809,900,1745,-371,2506,293,585,985,36,35,8724,3192,120,47,0,0,4,1,76,38,0,1,0,0,0,0,1,0,4,1,76,10,46,32,92,0,0,56,64,0
47,808,101,1018,1650,1400,791,16,2,-14,-882,833,900,1745,-281,2191,608,570,975,37,35,8724,3192,120,47,0,0,4,1,76,38,0,1,0,0,0,0,1,0,4,0,76,10,46,32,92,0,0,56,64,0
48,816,102,1018,1650,1400,365,24,12,-12,-890,841,900,1745,-159,1765,1034,560,964,38,35,8470,2642,120,46,0,0,4,1,76,38,0,1,0,0,0,0,1,0,0,0,0,0,0,0,0,0,0,56,64,0
49,824,103,1018,1650,1400,102,24,12,-12,-888,838,900,1745,-84,1502,1297,560,964,39,35,8470,2642,120,46,0,0,4,1,76,38,0,1,0,0,0,0,1,0,0,0,0,0,0,0,0,0,0,56,64,0
50,832,104,1018,1650,1400,0,32,0,-32,-881,831,900,1745,5,1400,1400,560,964,40,35,7763,2642,120,15,0,0,4,1,76,38,0,1,0,0,0,0,1,0,0,0,0,0,0,0,0,0,0,56,64,0
51,840,105,1018,1650,1400,0,32,0,-32,-878,829,900,1745,23,1400,1400,560,964,41,35,7763,1970,120,15,0,0,4,1,82,38,0,1,0,0,0,0,1,0,4,0,82,13,49,12,72,0,0,56,64,0
52,848,106,1018,1650,1400,0,32,0,-32,-875,826,900,1745,25,1400,1400,650,827,42,35,7763,1970,120,15,0,0,4,1,82,38,0,1,0,0,0,0,1,0,4,0,82,13,49,12,72,0,0,56,64,0
53,856,107,1018,1650,1400,0,30,0,-30,-873,823,900,1745,26,1400,1400,690,772,43,35,6051,1320,120,11,0,0,4,1,82,38,0,1,0,0,0,0,1,0,0,0,0,0,0,0,0,0,0,56,64,0
54,864,108,1018,1650,1400,0,30,0,-30,-872,822,900,1745,22,1400,1400,714,743,44,35,6051,1320,120,11,0,0,4,1,82,38,0,1,0,0,0,0,1,0,0,0,0,0,0,0,0,0,0,56,64,0
55,872,109,1018,1650,1400,0,30,0,-30,-871,822,900,1745,13,1400,1400,714,743,45,35,5426,1953,120,4,0,0,4,1,104,38,0,1,0,0,0,0,1,0,4,0,104,23,59,10,70,0,0,56,64,0
56,880,110,1018,1650,1400,0,30,0,-30,-871,821,900,1745,9,1400,1400,719,735,46,35,5426,1953,120,4,0,0,5,1,104,38,0,1,1,1,1,0,1,0,4,0,104,23,59,10,70,0,8,56,64,0
57,888,111,1018,1650,750,-100,30,0,-30,-872,823,900,850,-4,650,850,722,735,47,35,5426,1953,120,4,0,0,5,1,104,38,0,1,1,1,1,0,1,0,4,0,104,23,59,10,70,0,8,56,64,0
58,936,117,2552,8199,14850,-4605,-8192,2048,2080,-31990,13056,30770,1024,769,25650,17408,257,256,0,1024,25613,12570,22016,0,152,0,82,0,170,85,161,1,40,0,72,0,160,6,167,0,0,3,11,252,33,255,16,0,64512,20
64362,1312,164,900,1771,-345,-212,1771,750,992,9,9,8598,2508,120,12292,3,366,12868,1,257,0,4,366,13,49,26,86,0,0,152,0,82,0,0,73,0,161,6,167,0,0,2,218,252,81,255,16,0,64512,20
76,1312,164,1703,0,687,-849,12,32,20,-1317,307,900,1536,-406,-161,1536,582,953,13,13,8484,2214,120,49,4,0,3,1,110,50,68,0,1,1,1,0,0,0,4,0,110,13,49,26,86,0,0,82,152,0
77,1320,165,1703,0,687,-911,28,48,20,-1337,327,900,1599,-406,-224,1599,582,953,14,14,9603,844,120,41,4,1,3,1,110,50,68,0,1,1,1,0,0,0,4,0,110,13,49,26,86,11,0,82,152,0
78,1328,166,1703,0,685,-909,28,48,20,-1378,368,900,1595,-408,-224,1595,558,960,15,15,9603,844,120,41,4,1,3,1,110,50,68,0,1,1,1,0,0,0,4,0,110,13,49,26,86,11,0,82,152,0
79,1336,167,1703,0,684,-908,44,68,24,-1419,409,900,1592,-409,-224,1592,524,941,16,16,8458,783,120,39,4,1,3,1,110,50,68,0,1,1,1,0,0,0,4,0,110,13,49,26,86,11,0,82,152,0
80,1344,168,1703,0,677,-901,44,68,24,-1440,430,900,1578,-413,-224,1578,495,910,17,17,8458,783,120,39,4,1,3,1,110,50,68,0,1,1,1,0,0,0,4,0,110,13,49,26,86,11,0,82,152,0
81,1352,169,1703,0,679,-903,0,0,0,-1481,472,900,1583,-412,-224,1583,465,885,18,18,4844,20,120,0,4,1,3,1,110,50,68,0,1,1,1,0,0,1,4,0,110,13,49,26,86,11,0,82,152,0
82,1360,170,1703,0,671,-895,0,0,0,-1503,493,900,1566,-417,-224,1566,465,885,19,19,4844,20,120,0,4,1,3,1,110,50,68,0,1,1,1,0,0,1,4,0,110,13,49,26,86,11,0,82,152,0
83,1368,171,1703,0,641,-865,0,0,0,-1548,539,900,1506,-437,-224,1506,436,864,20,20,4844,20,120,0,4,1,3,1,110,50,68,0,1,1,1,0,0,1,4,0,110,13,49,26,86,11,0,82,152,0
84,1376,172,1703,0,637,-861,-70,0,70,-1592,583,900,1498,-440,-224,1498,411,847,21,21,5254,3728,120,1,4,1,3,1,110,50,68,0,1,1,1,0,0,0,4,0,110,13,49,26,86,11,0,82,152,0
85,1384,173,1703,0,633,-857,-70,0,70,-1614,605,900,1491,-442,-224,1491,394,834,22,22,5254,3728,120,1,4,1,3,1,110,50,68,0,1,1,1,0,0,0,4,0,110,13,49,26,86,11,0,82,152,0
86,1392,174,1703,0,626,-850,-64,0,64,-1659,650,900,1476,-447,-224,1476,394,834,23,23,6456,3728,120,15,4,1,3,1,110,50,68,0,1,1,1,0,0,0,4,0,110,13,49,26,86,7,0,82,152,0
87,1400,175,1703,0,615,-839,-64,0,64,-1683,673,900,1454,-455,-224,1454,379,837,24,24,6456,3123,120,15,4,1,3,1,110,50,68,0,1,1,1,0,0,0,4,0,82,13,49,26,86,7,0,82,152,0
88,1408,176,1703,0,593,-817,-64,0,64,-1731,721,900,1411,-469,-224,1411,356,820,25,25,6456,3123,120,15,4,1,3,1,110,50,68,0,1,1,1,0,0,0,4,0,82,13,49,26,86,7,0,82,152,0
89,1416,177,1703,0,660,-884,-58,-20,38,-1778,769,900,1544,-471,-224,1544,294,805,26,26,8509,918,120,45,4,1,3,1,110,50,68,0,1,1,1,0,0,0,4,0,82,13,49,26,86,7,0,82,152,0
90,1424,178,1703,0,653,-877,-58,-20,38,1797,793,900,1530,-476,-224,1530,272,791,27,27,8509,918,120,45,4,1,3,1,110,50,68,0,1,1,1,0,0,0,4,0,82,13,49,26,86,7,0,82,152,0
91,1432,179,1703,0,660,-884,-58,-20,38,1750,840,900,1545,-471,-224,1545,272,791,28,28,8509,918,120,45,4,1,3,1,110,50,68,0,1,1,1,0,0,0,4,0,82,13,49,26,86,7,0,82,152,0
92,1440,180,1703,0,545,-769,-44,-40,4,1726,864,900,1314,-473,-224,1314,280,784,29,29,10079,948,120,47,4,1,3,1,110,50,68,0,1,1,1,0,0,0,4,0,82,13,49,26,86,7,0,82,152,0
93,1448,181,1703,0,1400,1400,-44,-40,4,1678,912,900,1314,-479,2800,0,275,766,30,30,10079,948,120,47,0,0,4,1,110,50,68,2,1,1,1,0,0,0,4,0,82,13,49,26,86,0,0,82,152,0
94,1456,182,1703,0,1400,1400,-30,-28,2,1631,958,900,1314,-469,2800,0,267,751,31,30,8579,946,120,48,0,0,4,1,110,50,68,2,1,1,1,0,0,0,0,1,0,0,0,0,0,0,0,82,152,0
95,1464,183,1703,0,1400,1400,-30,-28,2,1609,981,900,1314,-463,2800,0,254,739,32,30,8579,946,120,48,0,0,4,1,110,50,68,2,1,1,1,0,0,0,0,0,0,0,0,0,0,0,0,82,152,0
96,1472,184,1703,0,1400,1400,-18,-14,4,1563,1026,900,1314,-460,2800,0,254,739,33,30,3640,1061,120,52,0,0,4,1,110,50,68,2,1,1,1,0,0,0,0,0,0,0,0,0,0,0,0,82,152,0
97,1480,185,1703,0,1400,1400,-18,-14,4,1540,1050,900,1314,-461,2800,0,241,725,34,30,3640,1061,120,52,0,0,4,1,110,50,68,2,1,1,1,0,0,0,0,0,0,0,0,0,0,0,0,82,152,0
98,1488,186,1703,0,1400,1400,-18,-14,4,1494,1095,900,1314,-458,2800,0,234,700,35,30,3640,1061,120,52,0,0,4,1,110,50,68,2,1,1,1,0,0,0,0,0,0,0,0,0,0,0,0,82,152,0
99,1496,187,1703,0,1400,1349,-4,2,6,1451,1138,900,1314,-440,2749,50,227,673,36,30,5616,1003,120,49,0,0,4,1,110,50,68,2,1,1,1,0,0,0,0,0,0,0,0,0,0,0,0,82,152,0
100,1504,188,1703,0,1400,1349,-4,2,6,1429,1160,900,1314,-440,2749,50,227,673,37,30,5616,1003,120,49,0,0,4,1,110,50,68,2,1,1,1,0,0,0,0,0,0,0,0,0,0,0,0,82,152,0
101,1512,189,1703,0,1400,1381,10,18,8,1384,1206,900,1314,-449,2781,18,214,648,38,30,3596,1046,120,51,0,0,4,1,110,50,68,2,1,1,1,0,0,0,0,1,0,0,0,0,0,0,0,82,152,0
102,1520,190,1703,0,1400,1362,10,18,8,1362,1228,900,1314,-444,2762,37,199,626,39,30,3596,1046,120,51,0,0,4,1,110,50,68,2,1,1,1,0,0,0,0,1,0,0,0,0,0,0,0,82,152,0
103,1528,191,1703,0,1400,1298,26,36,10,1320,1269,900,1314,-426,2698,101,178,605,40,30,3593,1046,120,49,0,0,4,1,110,50,68,2,1,1,1,0,0,0,0,0,0,0,0,0,0,0,0,82,152,0
104,1536,192,1703,0,1400,1341,26,36,10,1276,1313,900,1314,-438,2741,58,160,585,41,30,3593,1137,120,49,0,0,5,1,110,50,68,2,2,4,1,0,0,0,0,0,0,0,0,0,0,0,0,82,152,0
105,1544,193,1703,0,1400,1384,26,36,10,1253,1337,900,1314,-450,2784,15,160,585,42,30,3593,1137,120,49,0,0,5,1,110,50,68,2,2,4,1,0,0,0,0,0,0,0,0,0,0,0,0,82,152,0
106,1552,194,1703,0,1350,366,40,46,6,1204,1386,900,1314,-474,1716,983,145,568,43,30,7083,819,120,39,0,0,5,1,110,50,68,2,2,4,1,0,0,0,0,0,0,0,0,0,0,0,0,82,152,0
107,1560,195,1703,0,1350,510,40,46,6,1180,1410,900,1314,-477,1860,839,133,545,44,30,7083,819,120,39,0,0,5,1,110,50,68,2,2,4,1,0,0,0,0,0,0,0,0,0,0,0,0,82,152,0
108,1568,196,1703,0,1350,980,56,66,10,1139,1451,900,1314,-434,2330,370,110,540,45,30,4008,819,120,34,0,0,5,1,110,50,68,2,2,4,1,0,0,0,0,1,0,0,0,0,0,0,0,82,152,0
109,1576,197,1703,0,1350,714,56,66,10,1110,1480,900,1314,-347,2064,635,81,529,46,30,4008,3250,120,34,0,0,5,1,110,50,68,2,2,4,1,0,0,0,0,1,54,0,36,0,0,0,0,0,1117,0
0,2040,255,-2301,-32509,7425,-24831,-21504,0,19,-8960,16128,30720,0,0,0,0,516,256,513,0,0,0,0,0,152,0,82,0,170,85,161,1,40,0,124,0,214,3,2,3,2,3,77,0,88,0,0,0,0,0
1115,0,0,0,0,-13,933,756,414,440,0,0,5085,63,120,0,0,0,0,2,1025,2,256,0,0,0,0,0,0,0,152,0,82,0,0,125,0,215,3,2,3,2,3,75,0,32,0,0,0,0,0
128,1744,218,770,770,845,-28,0,0,0,1120,0,0,0,6,816,873,423,430,0,0,5085,63,120,0,0,0,0,0,0,0,0,0,2,4,1,0,2,1,0,0,0,0,0,0,0,0,0,82,152,0
129,1752,219,770,770,848,124,0,0,0,1116,0,0,0,-16,972,724,414,427,0,0,5075,63,120,0,0,0,0,0,0,0,0,0,2,4,1,0,2,1,0,0,0,0,0,0,0,0,0,82,152,0
130,1760,220,770,770,849,183,0,0,0,1114,0,0,0,-27,1032,666,415,421,0,0,5075,63,120,0,0,0,0,0,0,0,0,0,2,4,1,0,2,1,0,0,0,0,0,0,0,0,0,82,152,0
131,1768,221,770,770,849,214,0,0,0,1110,0,0,0,-33,1063,635,415,421,0,0,5075,63,120,0,0,0,0,0,0,0,0,0,2,4,1,0,2,1,0,0,0,0,0,0,0,0,0,82,152,0
132,1776,222,770,770,852,199,0,0,0,1107,0,0,0,-31,1052,653,410,413,0,0,5075,63,120,0,0,0,0,0,0,0,0,0,2,4,1,0,2,1,0,0,0,0,0,0,0,0,0,82,152,0
133,1784,223,770,770,855,130,0,0,0,1106,0,0,0,-22,985,724,401,413,0,0,5075,63,120,0,0,0,0,0,0,0,0,0,2,4,1,0,2,1,0,0,0,0,0,0,0,0,0,82,152,0
134,1792,224,770,770,857,47,0,0,0,1106,0,0,0,-9,904,809,393,412,0,0,6431,63,120,0,0,0,0,0,0,0,0,0,2,4,1,0,2,1,0,0,0,0,0,0,0,0,0,82,152,0
135,1800,225,770,770,859,-41,0,0,0,1108,0,0,0,4,817,900,390,407,0,0,6431,63,120,0,0,0,0,0,0,0,0,0,2,4,1,0,2,1,0,0,0,0,0,0,0,0,0,82,152,0
136,1808,226,770,770,859,-42,0,0,0,1109,0,0,0,6,817,901,390,407,0,0,6431,63,120,0,0,0,0,0,0,0,0,0,2,4,1,0,2,1,0,0,0,0,0,0,0,0,0,82,152,0
137,1816,227,770,770,862,4,0,0,0,1109,0,0,0,1,866,857,385,401,0,0,5075,63,120,0,0,0,0,0,0,0,0,0,2,4,1,0,2,1,0,0,0,0,0,0,0,0,0,82,152,0
138,1824,228,770,770,864,28,0,0,0,1108,0,0,0,-4,893,836,384,391,0,0,5075,63,120,0,0,0,0,0,0,0,0,0,2,4,1,0,2,1,0,0,0,0,0,0,0,0,0,82,152,0
139,1832,229,770,770,866,77,0,0,0,1106,0,0,0,-11,943,788,383,387,0,0,5074,63,120,0,0,0,0,0,0,0,0,0,2,4,1,0,2,1,0,0,0,0,0,0,0,0,0,82,152,0
140,1840,230,770,770,866,90,0,0,0,1105,0,0,0,-14,956,775,383,387,0,0,5074,63,120,0,0,0,0,0,0,0,0,0,2,4,1,0,2,1,0,0,0,0,0,0,0,0,0,82,152,0
141,1848,231,770,770,866,62,0,0,0,1104,0,0,0,-10,928,804,385,382,0,0,5074,63,120,0,0,0,0,0,0,0,0,0,2,4,1,0,2,1,0,0,0,0,0,0,0,0,0,82,152,0
142,1856,232,770,770,868,-7,0,0,0,1105,0,0,0,-1,860,875,379,383,0,0,5075,63,120,0,0,0,0,0,0,0,0,0,2,4,1,0,2,1,0,0,0,0,0,0,0,0,0,82,152,0
143,1864,233,770,770,868,0,0,0,0,1105,0,0,0,0,868,868,373,387,0,0,5075,63,120,0,0,0,0,0,0,0,0,0,2,4,1,0,2,1,0,0,0,0,0,0,0,0,0,82,152,0
144,1872,234,770,770,867,0,0,0,0,1104,0,0,0,-3,867,867,376,388,0,0,5074,63,120,0,0,0,0,0,0,0,0,0,2,4,1,0,2,1,0,0,0,0,0,0,0,0,0,82,152,0
145,1880,235,770,770,867,35,0,0,0,1104,0,0,0,-5,902,832,376,388,0,0,5074,63,120,0,0,0,0,0,0,0,0,0,2,4,1,0,2,1,0,0,0,0,0,0,0,0,0,82,152,0
146,1888,236,770,770,868,67,0,0,0,1103,0,0,0,-10,935,801,375,384,0,0,5074,63,120,0,0,0,0,0,0,0,0,0,2,4,1,0,2,1,0,0,0,0,0,0,0,0,0,82,152,0
147,1896,237,770,770,871,42,0,0,0,1102,0,0,0,-7,913,828,372,378,0,0,5075,63,120,0,0,0,0,0,0,0,0,0,2,4,1,0,2,1,0,0,0,0,0,0,0,0,0,82,152,0
148,1904,238,770,770,874,-5,0,0,0,1103,0,0,0,0,869,880,365,370,0,0,5075,63,120,0,0,0,0,0,0,0,0,0,2,4,1,0,2,1,0,0,0,0,0,0,0,0,0,82,152,0
149,1912,239,770,770,878,-33,0,0,0,1104,0,0,0,4,844,911,355,367,0,0,6425,63,120,0,0,0,0,0,0,0,0,0,2,4,1,0,2,1,0,0,0,0,0,0,0,0,0,82,152,0
150,1920,240,770,770,878,3,0,0,0,1104,0,0,0,3,881,874,355,367,0,0,6425,63,120,0,0,0,0,0,0,0,0,0,2,4,1,0,2,1,0,0,0,0,0,0,0,0,0,82,152,0
151,1928,241,770,770,881,31,0,0,0,1103,0,0,0,-4,912,849,352,357,0,0,6425,63,120,0,0,0,0,0,0,0,0,0,2,4,1,0,2,1,0,0,0,0,0,0,0,0,0,82,152,0
152,1936,242,770,770,884,-3,0,0,0,1104,0,0,0,1,880,887,347,350,0,0,5075,63,120,0,0,0,0,0,0,0,0,0,2,4,1,0,2,1,0,0,0,0,0,0,0,0,0,82,152,0
153,1944,243,770,770,886,0,0,0,0,1104,0,0,0,0,886,886,344,345,0,0,5075,63,120,0,0,0,0,0,0,0,0,0,2,4,1,0,2,1,0,0,0,0,0,0,0,0,0,82,152,0
154,1952,244,770,770,886,-78,0,0,0,1106,0,0,0,11,807,964,344,345,0,0,5074,63,120,0,0,0,0,0,0,0,0,0,2,4,1,0,2,1,0,0,0,0,0,0,0,0,0,82,152,0
155,1960,245,770,770,888,-83,0,0,0,1106,0,0,0,13,805,972,339,340,0,0,5074,63,120,0,0,0,0,0,0,0,0,0,2,4,1,0,2,1,0,0,0,0,0,0,0,0,0,82,152,0
156,1968,246,770,770,890,-62,0,0,0,1107,0,0,0,10,827,952,338,335,0,0,5074,63,120,0,0,0,0,0,0,0,0,0,2,4,1,0,2,1,0,0,0,0,0,0,0,0,0,82,152,0
157,1976,247,770,770,892,7,0,0,0,1106,0,0,0,-1,900,884,334,331,0,0,5075,63,120,0,0,0,0,0,0,0,0,0,2,4,1,0,2,1,0,0,0,0,0,0,0,0,0,82,152,0
158,1984,248,770,770,892,50,0,0,0,1105,0,0,0,-7,942,841,334,331,0,0,5075,63,120,0,0,0,0,0,0,0,0,0,2,4,1,0,2,1,0,0,0,0,0,0,0,0,0,82,152,0
159,1992,249,770,770,892,-55,0,0,0,1107,0,0,0,7,837,947,334,331,0,0,5076,63,120,0,0,0,0,0,0,0,0,0,2,4,1,0,2,1,0,0,0,0,0,0,0,0,0,82,152,0
160,2000,250,770,770,892,-90,0,0,0,1108,0,0,0,13,801,983,334,331,0,0,5076,63,120,0,0,0,0,0,0,0,0,0,2,4,1,0,2,1,0,0,0,0,0,0,0,0,0,82,152,0
161,2008,251,770,770,897,-21,0,0,0,1108,0,0,0,4,876,918,318,326,0,0,5076,63,120,0,0,0,0,0,0,0,0,0,2,4,1,0,2,1,0,0,0,0,0,0,0,0,0,82,152,0
162,2016,252,770,770,898,-66,0,0,0,1109,0,0,0,9,831,964,319,322,0,0,5075,63,120,0,0,0,0,0,0,0,0,0,2,4,1,0,2,1,0,0,0,0,0,0,0,0,0,82,152,0
163,2024,253,770,770,899,7,0,0,0,1109,0,0,0,3,906,891,317,320,0,0,5075,63,120,0,0,0,0,0,0,0,0,0,2,4,1,0,2,1,0,0,0,0,0,0,0,0,0,82,152,0
164,2032,254,770,770,899,44,0,0,0,1108,0,0,0,-6,944,854,317,320,0,0,6436,63,120,0,0,0,0,0,0,0,0,0,2,4,1,0,2,1,0,0,0,0,0,0,0,0,0,82,152,0
165,2040,255,770,770,900,-56,0,0,0,1110,0,0,0,7,843,957,312,320,0,0,6436,63,120,0,0,0,0,0,0,0,0,0,2,4,1,0,2,1,0,0,0,0,0,0,0,0,0,82,152,0
166,2048,256,770,770,901,5,0,0,0,1110,0,0,0,3,906,895,306,323,0,0,6436,63,120,0,0,0,0,0,0,0,0,0,2,4,1,0,2,1,0,0,0,0,0,0,0,0,0,82,152,0
167,2056,257,770,770,901,35,0,0,0,1109,0,0,0,-5,937,865,306,322,0,0,5085,63,120,0,0,0,0,0,0,0,0,0,2,4,1,0,2,1,0,0,0,0,0,0,0,0,0,82,152,0
168,2064,258,770,770,901,-64,0,0,0,1111,0,0,0,8,836,966,306,322,0,0,5085,63,120,0,0,0,0,0,0,0,0,0,2,4,1,0,2,1,0,0,0,0,0,0,0,0,0,82,152,0
169,2072,259,770,770,903,-31,0,0,0,1111,0,0,0,5,871,934,305,317,0,0,5082,63,120,0,0,0,0,0,0,0,0,0,2,4,1,0,2,1,0,0,0,0,0,0,0,0,0,82,152,0
170,2080,260,770,770,906,-78,0,0,0,1112,0,0,0,11,827,984,302,308,0,0,5082,63,120,0,0,0,0,0,0,0,0,0,2,4,1,0,2,1,0,0,0,0,0,0,0,0,0,82,152,0
171,2088,261,0,0,906,-78,0,0,0,1113,0,0,0,11,950,750,299,302,0,0,5082,63,120,0,0,0,0,0,0,0,0,0,2,4,1,0,0,1,0,0,0,0,0,0,0,0,0,82,152,0
172,2096,262,0,0,906,-78,0,0,0,1116,0,0,0,19,950,750,299,302,0,0,5067,63,120,0,0,0,0,0,0,0,0,0,2,4,1,0,0,1,0,0,0,0,0,0,0,0,0,82,152,0
173,2104,263,0,0,906,-78,0,0,0,1117,0,0,0,20,950,750,299,302,0,0,5067,63,120,0,0,0,0,0,0,0,0,0,2,4,1,0,0,1,0,0,0,0,0,0,0,0,0,82,152,0
174,2112,264,0,0,906,-78,0,0,0,1118,0,0,0,8,950,750,299,302,0,0,5063,63,120,0,0,0,0,0,0,0,0,0,2,4,1,0,0,1,0,0,0,0,0,0,0,0,0,82,152,0
175,2120,265,0,0,906,-78,0,0,0,1119,0,0,0,19,950,750,285,294,0,0,5063,63,120,0,0,0,0,0,0,0,0,0,2,4,1,0,0,1,0,0,0,0,0,0,0,0,0,82,152,0
176,2128,266,0,0,906,-78,0,0,0,1119,0,0,0,3,950,750,284,290,0,0,5063,63,120,0,0,0,0,0,0,0,0,0,2,4,1,0,0,1,0,0,0,0,0,0,0,0,0,82,152,0
177,2136,267,0,0,906,-78,0,0,0,1120,0,0,0,11,950,750,278,288,0,0,5066,63,120,0,0,0,0,0,0,0,0,0,2,4,1,0,0,1,0,0,0,0,0,0,0,0,0,82,152,0
178,2144,268,0,0,906,-78,0,0,0,1120,0,0,0,7,950,750,278,288,0,0,5066,63,120,0,0,0,0,0,0,0,0,0,2,4,1,0,0,1,0,0,0,0,0,0,0,0,0,82,152,0
179,2152,269,0,0,906,-78,0,0,0,1123,0,0,0,18,950,750,271,280,0,0,6416,63,120,0,0,0,0,0,0,0,0,0,2,4,1,0,0,1,0,0,0,0,0,0,0,0,0,82,152,0
180,2160,270,0,0,906,-78,0,0,0,1124,0,0,0,23,950,750,271,275,0,0,6416,63,120,0,0,0,0,0,0,0,0,0,2,4,1,0,0,1,0,0,0,0,0,0,0,0,0,82,152,0
181,2168,271,0,0,906,-78,0,0,0,1128,0,0,0,33,950,750,270,269,0,0,6416,63,120,0,0,0,0,0,0,0,0,0,2,4,1,0,0,1,0,0,0,0,0,0,0,0,0,82,152,0
182,2176,272,0,0,906,-78,0,0,0,1131,0,0,0,34,950,750,271,264,0,0,5066,63,120,0,0,0,0,0,0,0,0,0,2,4,1,0,0,1,0,0,0,0,0,0,0,0,0,82,152,0
183,2184,273,0,0,906,-78,0,0,0,1133,0,0,0,34,950,750,271,264,0,0,5066,63,120,0,0,0,0,0,0,0,0,0,2,4,1,0,0,1,0,0,0,0,0,0,0,0,0,82,152,0
184,2192,274,0,0,906,-78,0,0,0,1138,0,0,0,39,950,750,274,257,0,0,5065,63,120,0,0,0,0,0,0,0,0,0,2,4,1,0,0,1,0,0,0,0,0,0,0,0,0,82,152,0
185,2200,275,0,0,906,-78,0,0,0,1140,0,0,0,43,950,750,276,253,0,0,5065,63,120,0,0,0,0,0,0,0,0,0,2,4,1,0,0,1,0,0,0,0,0,0,0,0,0,82,152,0
186,2208,276,0,0,906,-78,0,0,0,1144,0,0,0,41,950,750,276,253,0,0,5065,63,120,0,0,0,0,0,0,0,0,0,2,4,1,0,0,1,0,0,0,0,0,0,0,0,0,82,152,0
187,2216,277,0,0,906,-78,0,0,0,1149,0,0,0,43,950,750,276,253,0,0,5066,63,120,0,0,0,0,0,0,0,0,0,2,4,1,0,0,1,0,0,0,0,0,0,0,0,0,82,152,0
188,2224,278,0,0,906,-78,0,0,0,1151,0,0,0,44,750,950,276,253,0,0,5066,63,120,0,0,0,0,0,0,0,0,0,2,4,1,0,0,1,0,0,0,0,0,0,0,0,0,82,152,0
189,2232,279,0,0,906,-78,0,0,0,1157,0,0,0,53,750,950,276,238,0,0,5065,63,120,0,0,0,0,0,0,0,0,0,2,4,1,0,0,1,0,0,0,0,0,0,0,0,0,82,152,0
190,2240,280,0,0,906,-78,0,0,0,1159,0,0,0,52,750,950,274,236,0,0,5065,63,120,0,0,0,0,0,0,0,0,0,2,4,1,0,0,1,0,0,0,0,0,0,0,0,0,82,152,0
191,2248,281,0,0,906,-78,0,0,0,1163,0,0,0,40,750,950,271,236,0,0,5065,63,120,0,0,0,0,0,0,0,0,0,2,4,1,0,0,1,0,0,0,0,0,0,0,0,0,82,152,0
192,2256,282,0,0,906,-78,0,0,0,1166,0,0,0,38,750,950,271,236,0,0,5065,63,120,0,0,0,0,0,0,0,0,0,2,4,1,0,0,1,0,0,0,0,0,0,0,0,0,82,152,0
193,2264,283,0,0,906,-78,0,0,0,1168,0,0,0,36,750,950,271,235,0,0,5065,63,120,0,0,0,0,0,0,0,0,0,2,4,1,0,0,1,0,0,0,0,0,0,0,0,0,82,152,0
194,2272,284,0,0,906,-78,0,0,0,1170,0,0,0,29,750,950,271,239,0,0,6418,63,120,0,0,0,0,0,0,0,0,0,2,4,1,0,0,1,0,0,0,0,0,0,0,0,0,82,152,0
195,2280,285,0,0,906,-78,0,0,0,1170,0,0,0,20,750,950,266,239,0,0,6418,63,120,0,0,0,0,0,0,0,0,0,2,4,1,0,0,1,0,0,0,0,0,0,0,0,0,82,152,0
196,2288,286,0,0,906,-78,0,0,0,1024,26112,30720,0,0,0,0,516,256,1,0,0,0,0,0,152,0,82,0,0,210,1,44,0,0,0,0,3,138,255,178,0,0,0,0,0,0,0,0,1154,0
0,0,0,2819,-18942,-4608,-8192,-2048,0,25,2304,26112,30720,0,0,0,0,516,256,1,0,0,0,0,0,152,0,82,0,0,211,1,45,0,0,0,0,3,138,255,178,0,0,0,0,0,0,0,0,1155,0
0,0,0,3587,-18942,-4608,-8192,-2048,0,19,15616,26112,30720,0,0,0,0,516,256,1,0,0,0,0,0,152,0,82,0,170,85,161,1,40,0,212,1,46,0,0,0,0,3,138,255,178,0,0,0,0,0
1158,0,0,0,0,25,950,750,228,246,0,0,4925,233,120,0,0,0,0,2,1025,0,256,0,0,0,0,0,0,0,152,0,82,0,0,213,1,47,0,0,0,0,3,138,255,178,0,0,0,0,0
216,2448,306,0,0,906,-78,0,0,0,1170,0,0,0,44,950,750,247,237,0,0,4925,102,120,0,0,0,0,0,0,0,0,0,2,4,1,0,0,1,0,0,0,0,0,0,0,0,0,82,152,0
217,2456,307,0,0,906,-78,0,0,0,1175,0,0,0,50,950,750,249,238,0,0,4925,273,120,0,0,0,0,0,0,0,0,0,2,4,1,0,0,1,0,0,0,0,0,0,0,0,0,82,152,0
218,2464,308,0,0,906,-78,0,0,0,1178,0,0,0,49,950,750,256,236,0,0,4925,273,120,0,0,0,0,0,0,0,0,0,2,4,1,0,0,1,0,0,0,0,0,0,0,0,0,82,152,0
219,2472,309,0,0,906,-78,0,0,0,1182,0,0,0,46,950,750,262,233,0,0,5055,141,120,0,0,0,0,0,0,0,0,0,2,4,1,0,0,1,0,0,0,0,0,0,0,0,0,82,152,0
220,2480,310,0,0,906,-78,0,0,0,1183,0,0,0,32,950,750,262,233,0,0,5055,141,120,0,0,0,0,0,0,0,0,0,2,4,1,0,0,1,0,0,0,0,0,0,0,0,0,82,152,0
221,2488,311,0,0,906,-78,0,0,0,1186,0,0,0,32,950,750,264,230,0,0,4925,141,120,0,0,0,0,0,0,0,0,0,2,4,1,0,0,1,0,0,0,0,0,0,0,0,0,82,152,0
222,2496,312,0,0,906,-78,0,0,0,1190,0,0,0,39,950,750,266,232,0,0,4925,273,120,0,0,0,0,0,0,0,0,0,2,4,1,0,0,1,0,0,0,0,0,0,0,0,0,82,152,0
223,2504,313,0,0,906,-78,0,0,0,1193,0,0,0,41,950,750,266,234,0,0,4925,273,120,0,0,0,0,0,0,0,0,0,2,4,1,0,0,1,0,0,0,0,0,0,0,0,0,82,152,0
224,2512,314,0,0,906,-78,0,0,0,1198,0,0,0,48,750,950,273,236,0,0,6409,141,120,0,0,0,0,0,0,0,0,0,2,4,1,0,0,1,0,0,0,0,0,0,0,0,0,82,152,0
225,2520,315,0,0,906,-78,0,0,0,1202,0,0,0,59,750,950,273,236,0,0,6409,141,120,0,0,0,0,0,0,0,0,0,2,4,1,0,0,1,0,0,0,0,0,0,0,0,0,82,152,0
226,2528,316,0,0,906,-78,0,0,0,1205,0,0,0,40,750,950,276,239,0,0,4923,141,120,0,0,0,0,0,0,0,0,0,2,4,1,0,0,1,0,0,0,0,0,0,0,0,0,82,152,0
227,2536,317,0,0,906,-78,0,0,0,1208,0,0,0,30,750,950,278,239,0,0,4923,272,120,0,0,0,0,0,0,0,0,0,2,4,1,0,0,1,0,0,0,0,0,0,0,0,0,82,152,0
228,2544,318,0,0,906,-78,0,0,0,1208,0,0,0,19,750,950,284,239,0,0,4923,272,120,0,0,0,0,0,0,0,0,0,2,4,1,0,0,1,0,0,0,0,0,0,0,0,0,82,152,0
229,2552,319,0,0,906,-78,0,0,0,1208,0,0,0,7,750,950,284,239,0,0,5052,141,120,0,0,0,0,0,0,0,0,0,2,4,1,0,0,1,0,0,0,0,0,0,0,0,0,82,152,0
230,2560,320,0,0,906,-78,0,0,0,1208,0,0,0,3,750,950,279,239,0,0,5052,141,120,0,0,0,0,0,0,0,0,0,2,4,1,0,0,1,0,0,0,0,0,0,0,0,0,82,152,0
231,2568,321,0,0,906,-78,0,0,0,1207,0,0,0,-4,750,950,268,242,0,0,4921,141,120,0,0,0,0,0,0,0,0,0,2,4,1,0,0,1,0,0,0,0,0,0,0,0,0,82,152,0
232,2576,322,0,0,906,-78,0,0,0,1205,0,0,0,-8,750,950,264,248,0,0,4921,272,120,0,0,0,0,0,0,0,0,0,2,4,1,0,0,1,0,0,0,0,0,0,0,0,0,82,152,0
233,2584,323,0,0,906,-78,0,0,0,1204,0,0,0,-13,750,950,259,253,0,0,4921,272,120,0,0,0,0,0,0,0,0,0,2,4,1,0,0,1,0,0,0,0,0,0,0,0,0,82,152,0
234,2592,324,0,0,906,-78,0,0,0,1202,0,0,0,-22,750,950,259,253,0,0,5060,180,120,0,0,0,0,0,0,0,0,0,2,4,1,0,0,1,0,0,0,0,0,0,0,0,0,82,152,0
235,2600,325,0,0,906,-78,0,0,0,1201,0,0,0,-17,750,950,255,254,0,0,5060,180,120,0,0,0,0,0,0,0,0,0,2,4,1,0,0,1,0,0,0,0,0,0,0,0,0,82,152,0
236,2608,326,0,0,906,-78,0,0,0,1198,0,0,0,-24,750,950,252,256,0,0,5060,180,120,0,0,0,0,0,0,0,0,0,2,4,1,0,0,1,0,0,0,0,0,0,0,0,0,82,152,0
237,2656,332,1606,1606,1118,-447,-22,44,66,1212,0,0,0,39,670,1565,254,263,0,0,3644,2475,120,26,0,0,0,0,0,0,0,0,2,4,1,0,7,0,0,0,100,21,57,2,62,0,0,82,152,0
238,2704,338,1518,1518,1034,-790,-40,46,86,1206,0,0,0,19,243,1825,286,292,0,0,5687,3556,119,22,0,0,0,0,0,0,0,0,2,4,1,0,7,0,0,0,112,23,59,33,93,0,0,82,152,0
239,2752,344,1430,1430,933,-372,-36,0,36,1153,0,0,0,-116,561,1306,319,359,0,0,7886,394,119,17,0,0,0,0,0,0,0,0,2,4,1,0,7,0,0,0,0,0,0,0,0,0,0,82,152,0
240,2800,350,1232,1232,779,318,-30,0,30,1100,0,0,0,-131,1098,460,306,401,0,0,5749,203,119,8,0,0,0,0,0,0,0,0,2,4,1,0,7,0,0,0,0,0,0,0,0,0,0,82,152,0
241,2832,354,875,770,916,-20,0,0,0,1088,0,0,0,-58,896,936,305,414,0,0,5080,63,119,0,0,0,0,0,0,0,0,0,2,4,1,0,2,1,0,0,0,0,0,0,0,0,0,82,152,0
242,2840,355,770,770,827,294,0,0,0,1082,0,0,0,-85,1122,533,328,392,0,0,5080,63,119,0,0,0,0,0,0,0,0,0,2,4,1,0,2,1,0,0,0,0,0,0,0,0,0,82,152,0
243,2848,356,770,770,878,515,0,0,0,1070,0,0,0,-100,1393,363,334,386,0,0,4937,63,119,0,0,0,0,0,0,0,0,0,2,4,1,0,2,1,0,0,0,0,0,0,0,0,0,82,152,0
244,2856,357,770,770,878,376,0,0,0,1065,0,0,0,-71,1254,502,334,386,0,0,4937,63,119,0,0,0,0,0,0,0,0,0,2,4,1,0,2,1,0,0,0,0,0,0,0,0,0,82,152,0
245,2864,358,770,770,880,194,0,0,0,1066,0,0,0,-38,1074,686,319,392,0,0,4937,63,119,0,0,0,0,0,0,0,0,0,2,4,1,0,2,1,0,0,0,0,0,0,0,0,0,82,152,0
246,2872,359,770,770,882,4,0,0,0,1067,0,0,0,-6,887,877,298,406,0,0,6436,63,119,0,0,0,0,0,0,0,0,0,2,4,1,0,2,1,0,0,0,0,0,0,0,0,0,82,152,0
247,2880,360,770,770,882,-3,0,0,0,1068,0,0,0,3,878,885,295,410,0,0,6436,63,119,0,0,0,0,0,0,0,0,0,2,4,1,0,2,1,0,0,0,0,0,0,0,0,0,82,152,0
248,2888,361,770,770,882,-135,0,0,0,1071,0,0,0,18,746,1017,295,410,0,0,4926,63,119,0,0,0,0,0,0,0,0,0,2,4,1,0,2,1,0,0,0,0,0,0,0,0,0,82,152,0
249,2896,362,770,770,880,-144,0,0,0,1074,0,0,0,22,735,1025,315,397,0,0,4926,63,119,0,0,0,0,0,0,0,0,0,2,4,1,0,2,1,0,0,0,0,0,0,0,0,0,82,152,0
250,2904,363,770,770,881,-47,0,0,0,1073,0,0,0,9,833,929,335,374,0,0,4926,63,119,0,0,0,0,0,0,0,0,0,2,4,1,0,2,1,0,0,0,0,0,0,0,0,0,82,152,0
251,2912,364,770,770,881,-26,0,0,0,1073,0,0,0,4,855,908,348,359,0,0,5076,63,119,0,0,0,0,0,0,0,0,0,2,4,1,0,2,1,0,0,0,0,0,0,0,0,0,82,152,0
252,2920,365,770,770,881,56,0,0,0,1072,0,0,0,-7,937,825,355,353,0,0,5076,63,119,0,0,0,0,0,0,0,0,0,2,4,1,0,2,1,0,0,0,0,0,0,0,0,0,82,152,0
253,2928,366,770,770,881,-685,0,0,0,1096,0,0,0,145,195,1567,355,353,0,0,4927,63,119,0,0,0,0,0,0,0,0,0,2,4,1,0,2,1,0,0,0,0,0,0,0,0,0,82,152,0
254,2936,367,770,770,880,-836,0,0,0,1125,0,0,0,230,44,1717,353,358,0,0,4927,63,119,0,0,0,0,0,0,0,0,0,2,4,1,0,2,1,0,0,0,0,0,0,0,0,0,82,152,0
255,2944,368,770,770,881,-837,0,0,0,1136,0,0,0,232,44,1718,351,358,0,0,4927,63,119,0,0,0,0,0,0,0,0,0,2,4,1,0,2,1,0,0,0,0,0,0,0,0,0,82,152,0
256,2952,369,770,770,887,-842,0,0,0,1146,0,0,0,152,44,1730,350,335,0,0,5075,63,119,0,0,0,0,0,0,0,0,0,2,4,1,0,2,1,0,0,0,0,0,0,0,0,0,82,152,0
257,2960,370,770,770,908,-648,0,0,0,1148,0,0,0,108,259,1557,309,195,0,0,5075,63,119,0,0,0,0,0,0,0,0,0,2,4,1,0,2,1,0,0,0,0,0,0,0,0,0,82,152,0
258,2968,371,770,770,908,4,0,0,0,1142,0,0,0,10,913,904,309,195,0,0,4926,63,119,0,0,0,0,0,0,0,0,0,2,4,1,0,2,1,0,0,0,0,0,0,0,0,0,82,152,0
259,2976,372,770,770,908,-66,0,0,0,1143,0,0,0,10,842,974,244,107,0,0,4926,63,119,0,0,0,0,0,0,0,0,0,2,4,1,0,2,1,0,0,0,0,0,0,0,0,0,82,152,0
260,2984,373,770,770,908,-117,0,0,0,1144,0,0,0,17,790,1026,175,64,0,0,4926,63,119,0,0,0,0,0,0,0,0,0,2,4,1,0,2,1,0,0,0,0,0,0,0,0,0,82,152,0
261,2992,374,770,770,908,-81,0,0,0,1145,0,0,0,13,827,989,118,57,0,0,6425,63,119,0,0,0,0,0,0,0,0,0,2,4,1,0,2,1,0,0,0,0,0,0,0,0,0,82,152,0
262,3000,375,770,770,908,-121,0,0,0,1147,0,0,0,18,787,1030,118,57,0,0,6425,63,119,0,0,0,0,0,0,0,0,0,2,4,1,0,2,1,0,0,0,0,0,0,0,0,0,82,152,0
263,3008,376,770,770,908,-108,0,0,0,1148,0,0,0,17,800,1016,82,64,0,0,4926,63,119,0,0,0,0,0,0,0,0,0,2,4,1,0,2,1,0,0,0,0,0,0,0,0,0,82,152,0
264,3016,377,770,770,908,13,0,0,0,1147,0,0,0,0,921,895,74,59,0,0,4926,63,119,0,0,0,0,0,0,0,0,0,2,4,1,0,2,1,0,0,0,0,0,0,0,0,0,82,152,0
265,3024,378,770,770,908,0,0,0,0,1147,0,0,0,0,908,908,74,56,0,0,4926,63,119,0,0,0,0,0,0,0,0,0,2,4,1,0,2,1,0,0,0,0,0,0,0,0,0,82,152,0
266,3032,379,770,770,908,0,0,0,0,1148,0,0,0,3,908,908,78,61,0,0,5075,63,119,0,0,0,0,0,0,0,0,0,2,4,1,0,2,1,0,0,0,0,0,0,0,0,0,82,152,0
267,3040,380,770,770,908,0,0,0,0,1148,0,0,0,3,908,908,78,61,0,0,5075,63,119,0,0,0,0,0,0,0,0,0,2,4,1,0,2,1,0,0,0,0,0,0,0,0,0,82,152,0
268,3048,381,770,770,908,67,0,0,0,1146,0,0,0,-9,976,841,82,72,0,0,4927,63,119,0,0,0,0,0,0,0,0,0,2,4,1,0,2,1,0,0,0,0,0,0,0,0,0,82,152,0
269,3056,382,770,770,908,112,0,0,0,1144,0,0,0,-17,1021,796,87,81,0,0,4927,63,119,0,0,0,0,0,0,0,0,0,2,4,1,0,2,1,0,0,0,0,0,0,0,0,0,82,152,0
270,3064,383,770,770,908,86,0,0,0,1143,0,0,0,-14,995,821,89,85,0,0,4927,63,119,0,0,0,0,0,0,0,0,0,2,4,1,0,2,1,0,0,0,0,0,0,0,0,0,82,152,0
271,3072,384,770,770,908,-10,0,0,0,1144,0,0,0,-3,897,919,83,86,0,0,5075,63,119,0,0,0,0,0,0,0,0,0,2,4,1,0,2,1,0,0,0,0,0,0,0,0,0,82,152,0
0,0,0,259,-29693,-29696,10240,7936,0,19,18688,16128,30464,0,0,0,0,516,256,513,0,0,0,0,0,152,0,82,0,1,30,1,143,3,2,3,2,3,140,255,205,0,0,0,0,0,0,0,0,1148,0
0,0,0,1795,22787,-16640,10240,7936,0,19,-8960,16128,30464,0,0,0,0,516,256,513,0,0,0,0,0,152,0,82,0,1,31,1,144,3,2,3,2,3,140,255,228,0,0,0,0,0,0,0,0,1148,0
0,0,0,1027,28419,-22272,8704,6400,0,19,-8960,16128,30464,0,0,0,0,516,256,513,0,0,0,0,0,152,0,82,0,170,85,161,1,40,1,32,1,145,3,2,3,2,3,140,0,3,0,0,0,0,0
1148,0,0,0,0,0,912,904,31,22,0,0,4937,63,119,0,0,0,0,2,1025,2,256,0,0,0,0,0,0,0,152,0,82,0,1,33,1,146,3,2,3,2,3,140,0,0,0,0,0,0,0
292,3240,405,770,770,908,-48,0,0,0,1150,0,0,0,7,860,956,20,16,0,0,6434,63,119,0,0,0,0,0,0,0,0,0,2,4,1,0,2,1,0,0,0,0,0,0,0,0,0,82,152,0
293,3248,406,770,770,908,-32,0,0,0,1150,0,0,0,5,876,940,18,14,0,0,4937,63,119,0,0,0,0,0,0,0,0,0,2,4,1,0,2,1,0,0,0,0,0,0,0,0,0,82,152,0
294,3256,407,770,770,908,4,0,0,0,1151,0,0,0,2,912,904,18,14,0,0,4937,63,119,0,0,0,0,0,0,0,0,0,2,4,1,0,2,1,0,0,0,0,0,0,0,0,0,82,152,0
295,3264,408,770,770,908,-32,0,0,0,1151,0,0,0,4,876,941,18,14,0,0,4937,63,119,0,0,0,0,0,0,0,0,0,2,4,1,0,2,1,0,0,0,0,0,0,0,0,0,82,152,0
296,3272,409,770,770,908,-32,0,0,0,1151,0,0,0,5,875,941,18,14,0,0,5083,63,119,0,0,0,0,0,0,0,0,0,2,4,1,0,2,1,0,0,0,0,0,0,0,0,0,82,152,0
297,3280,410,770,770,908,-25,0,0,0,1152,0,0,0,4,883,933,11,7,0,0,5083,63,119,0,0,0,0,0,0,0,0,0,2,4,1,0,2,1,0,0,0,0,0,0,0,0,0,82,152,0
298,3288,411,770,770,908,3,0,0,0,1151,0,0,0,1,911,905,9,4,0,0,4937,63,119,0,0,0,0,0,0,0,0,0,2,4,1,0,2,1,0,0,0,0,0,0,0,0,0,82,152,0
299,3296,412,770,770,908,0,0,0,0,1151,0,0,0,-1,908,908,8,3,0,0,4937,63,119,0,0,0,0,0,0,0,0,0,2,4,1,0,2,1,0,0,0,0,0,0,0,0,0,82,152,0
300,3304,413,0,0,908,0,0,0,0,1151,0,0,0,0,750,950,8,3,0,0,4937,63,119,0,0,0,0,0,0,0,0,0,2,4,1,0,0,1,0,0,0,0,0,0,0,0,0,82,152,0
301,3312,414,0,0,908,0,0,0,0,1151,0,0,0,0,750,950,6,2,0,0,5067,63,119,0,0,0,0,0,0,0,0,0,2,4,1,0,0,1,0,0,0,0,0,0,0,0,0,82,152,0
302,3320,415,0,0,908,0,0,0,0,1151,0,0,0,-2,750,950,4,2,0,0,5067,63,119,0,0,0,0,0,0,0,0,0,2,4,1,0,0,1,0,0,0,0,0,0,0,0,0,82,152,0
303,3328,416,0,0,908,0,0,0,0,1150,0,0,0,-4,750,950,4,1,0,0,4936,63,119,0,0,0,0,0,0,0,0,0,2,4,1,0,0,1,0,0,0,0,0,0,0,0,0,82,152,0
304,3336,417,0,0,908,0,0,0,0,1151,0,0,0,1,750,950,4,1,0,0,4936,63,119,0,0,0,0,0,0,0,0,0,2,4,1,0,0,1,0,0,0,0,0,0,0,0,0,82,152,0
305,3344,418,0,0,908,0,0,0,0,1151,0,0,0,1,750,950,3,2,0,0,4936,63,119,0,0,0,0,0,0,0,0,0,2,4,1,0,0,1,0,0,0,0,0,0,0,0,0,82,152,0
306,3352,419,0,0,908,0,0,0,0,1151,0,0,0,0,750,950,2,3,0,0,6416,63,119,0,0,0,0,0,0,0,0,0,2,4,1,0,0,1,0,0,0,0,0,0,0,0,0,82,152,0
307,3360,420,0,0,908,0,0,0,0,1151,0,0,0,3,750,950,4,6,0,0,6416,63,119,0,0,0,0,0,0,0,0,0,2,4,1,0,0,1,0,0,0,0,0,0,0,0,0,82,152,0
308,3368,421,0,0,908,0,0,0,0,1152,0,0,0,5,750,950,4,6,0,0,4936,63,119,0,0,0,0,0,0,0,0,0,2,4,1,0,0,1,0,0,0,0,0,0,0,0,0,82,152,0
309,3376,422,0,0,908,0,0,0,0,1152,0,0,0,2,750,950,4,6,0,0,4936,63,119,0,0,0,0,0,0,0,0,0,2,4,1,0,0,1,0,0,0,0,0,0,0,0,0,82,152,0
310,3384,423,0,0,908,0,0,0,0,1152,0,0,0,0,750,950,4,6,0,0,4936,63,119,0,0,0,0,0,0,0,0,0,2,4,1,0,0,1,0,0,0,0,0,0,0,0,0,82,152,0
311,3392,424,0,0,908,0,0,0,0,1152,0,0,0,2,750,950,12,11,0,0,5066,63,119,0,0,0,0,0,0,0,0,0,2,4,1,0,0,1,0,0,0,0,0,0,0,0,0,82,152,0
312,3400,425,0,0,908,0,0,0,0,1152,0,0,0,2,750,950,14,13,0,0,5066,63,119,0,0,0,0,0,0,0,0,0,2,4,1,0,0,1,0,0,0,0,0,0,0,0,0,82,152,0
313,3408,426,0,0,908,0,0,0,0,1153,0,0,0,2,750,950,16,15,0,0,4937,63,119,0,0,0,0,0,0,0,0,0,2,4,1,0,0,1,0,0,0,0,0,0,0,0,0,82,152,0
314,3416,427,0,0,908,0,0,0,0,1153,0,0,0,3,750,950,16,15,0,0,4937,63,119,0,0,0,0,0,0,0,0,0,2,4,1,0,0,1,0,0,0,0,0,0,0,0,0,82,152,0
315,3424,428,0,0,908,0,0,0,0,1153,0,0,0,4,750,950,16,15,0,0,4937,63,119,0,0,0,0,0,0,0,0,0,2,4,1,0,0,1,0,0,0,0,0,0,0,0,0,82,152,0
316,3432,429,0,0,908,0,0,0,0,1154,0,0,0,2,750,950,15,14,0,0,5055,63,119,0,0,0,0,0,0,0,0,0,2,4,1,0,0,1,0,0,0,0,0,0,0,0,0,82,152,0
317,3440,430,0,0,908,0,0,0,0,1154,0,0,0,1,950,750,15,13,0,0,5055,63,119,0,0,0,0,0,0,0,0,0,2,4,1,0,0,1,0,0,0,0,0,0,0,0,0,82,152,0
318,3448,431,0,0,908,0,0,0,0,1153,0,0,0,0,950,750,15,13,0,0,4926,63,119,0,0,0,0,0,0,0,0,0,2,4,1,0,0,1,0,0,0,0,0,0,0,0,0,82,152,0
319,3456,432,0,0,908,0,0,0,0,1155,0,0,0,8,950,750,15,12,0,0,4926,63,119,0,0,0,0,0,0,0,0,0,2,4,1,0,0,1,0,0,0,0,0,0,0,0,0,82,152,0
320,3464,433,0,0,908,0,0,0,0,1156,0,0,0,10,950,750,15,12,0,0,4926,63,119,0,0,0,0,0,0,0,0,0,2,4,1,0,0,1,0,0,0,0,0,0,0,0,0,82,152,0
321,3472,434,0,0,908,0,0,0,0,1157,0,0,0,11,950,750,14,11,0,0,6415,63,119,0,0,0,0,0,0,0,0,0,2,4,1,0,0,1,0,0,0,0,0,0,0,0,0,82,152,0
322,3480,435,0,0,908,0,0,0,0,1158,0,0,0,14,950,750,14,11,0,0,6415,63,119,0,0,0,0,0,0,0,0,0,2,4,1,0,0,1,0,0,0,0,0,0,0,0,0,82,152,0
323,3488,436,0,0,908,0,0,0,0,1159,0,0,0,10,950,750,14,11,0,0,4926,63,119,0,0,0,0,0,0,0,0,0,2,4,1,0,0,1,0,0,0,0,0,0,0,0,0,82,152,0
324,3496,437,0,0,908,0,0,0,0,1160,0,0,0,10,950,750,14,11,0,0,4926,63,119,0,0,0,0,0,0,0,0,0,2,4,1,0,0,1,0,0,0,0,0,0,0,0,0,82,152,0
325,3504,438,0,0,908,0,0,0,0,1160,0,0,0,11,950,750,19,5,0,0,4926,63,119,0,0,0,0,0,0,0,0,0,2,4,1,0,0,1,0,0,0,0,0,0,0,0,0,82,152,0
326,3512,439,0,0,908,0,0,0,0,1162,0,0,0,13,950,750,17,4,0,0,5055,63,119,0,0,0,0,0,0,0,0,0,2,4,1,0,0,1,0,0,0,0,0,0,0,0,0,82,152,0
327,3520,440,0,0,908,0,0,0,0,1163,0,0,0,14,950,750,16,5,0,0,5055,63,119,0,0,0,0,0,0,0,0,0,2,4,1,0,0,1,0,0,0,0,0,0,0,0,0,82,152,0
328,3528,441,0,0,908,0,0,0,0,1164,0,0,0,12,950,750,16,5,0,0,4926,63,119,0,0,0,0,0,0,0,0,0,2,4,1,0,0,1,0,0,0,0,0,0,0,0,0,82,152,0
329,3536,442,0,0,908,0,0,0,0,1165,0,0,0,11,950,750,15,7,0,0,4926,63,119,0,0,0,0,0,0,0,0,0,2,4,1,0,0,1,0,0,0,0,0,0,0,0,0,82,152,0
330,3544,443,0,0,908,0,0,0,0,1166,0,0,0,12,950,750,16,8,0,0,4926,63,119,0,0,0,0,0,0,0,0,0,2,4,1,0,0,1,0,0,0,0,0,0,0,0,0,82,152,0
331,3552,444,0,0,908,0,0,0,0,1167,0,0,0,13,950,750,17,9,0,0,5055,63,119,0,0,0,0,0,0,0,0,0,2,4,1,0,0,1,0,0,0,0,0,0,0,0,0,82,152,0
332,3560,445,0,0,908,0,0,0,0,1168,0,0,0,12,950,750,20,11,0,0,5055,63,119,0,0,0,0,0,0,0,0,0,2,4,1,0,0,1,0,0,0,0,0,0,0,0,0,82,152,0
333,3568,446,0,0,908,0,0,0,0,1169,0,0,0,10,950,750,20,11,0,0,4926,63,119,0,0,0,0,0,0,0,0,0,2,4,1,0,0,1,0,0,0,0,0,0,0,0,0,82,152,0
334,3576,447,0,0,908,0,0,0,0,1168,0,0,0,3,950,750,22,12,0,0,4926,63,119,0,0,0,0,0,0,0,0,0,2,4,1,0,0,1,0,0,0,0,0,0,0,0,0,82,152,0
